2026-10-05 05:38:54
Day of week = 1
Week of year = 40
Value = 5
Run 5 of 5
5 2 5 0 0 1 2 3 4 5 4 3 2 1 0 1 2 3 4 5 4 3 2 1 0 0 0 0 0 0 0 0 0 0 0 0 0 1 2 3 4 5 4 3 2 1 0 1 2 0 5 2 5
0 5 0 0 1 2 3 4 5 4 3 2 1 0 0 0 1 2 3 4 5 4 3 2 1 0 0 0 0 0 0 0 0 0 0 0 1 2 3 4 5 4 3 2 1 0 0 0 1 0 0 5 0
5 2 5 0 2 3 4 5 4 3 2 1 0 0 0 0 0 1 2 3 4 5 4 3 2 1 0 0 0 0 0 0 0 0 0 1 2 3 4 5 4 3 2 1 0 0 0 0 0 0 5 2 5
0 5 0 0 3 4 5 4 3 2 1 0 0 0 0 0 0 0 1 2 3 4 5 4 3 2 1 0 0 0 0 0 0 0 1 2 3 4 5 4 3 2 1 0 0 0 0 0 0 0 0 5 0
5 2 5 0 4 5 4 3 2 1 0 0 0 0 0 0 0 0 0 1 2 3 4 5 4 3 2 1 0 0 0 0 0 1 2 3 4 5 4 3 2 1 0 0 0 0 0 0 0 0 5 2 5
0 5 0 0 5 4 3 2 1 0 0 0 0 0 0 0 0 0 0 0 1 2 3 4 5 4 3 2 1 0 0 0 1 2 3 4 5 4 3 2 1 0 0 0 0 0 0 0 0 0 0 5 0
5 2 5 0 4 3 2 1 0 0 0 0 0 0 0 0 0 0 0 0 0 1 2 3 4 5 4 3 2 1 0 1 2 3 4 5 4 3 2 1 0 0 0 0 0 0 0 0 0 1 5 2 5